hello
hello2
hello3
100
[[  1.00000000e+00]
 [  9.99999996e-01]
 [  1.00000000e+00]
 [  9.99999468e-01]
 [  1.00000000e+00]
 [  1.00000000e+00]
 [  6.02270563e-09]
 [  2.44010914e-31]
 [  9.99971592e-01]
 [  9.99999978e-01]
 [  9.99999883e-01]
 [  1.00000000e+00]
 [  9.99993278e-01]
 [  3.52839139e-25]
 [  1.00000000e+00]
 [  1.00000000e+00]
 [  1.00000000e+00]
 [  9.49424137e-27]]
--
524286
[[  1.00000000e+00]
 [  9.99999996e-01]
 [  1.00000000e+00]
 [  9.99999469e-01]
 [  1.00000000e+00]
 [  1.00000000e+00]
 [  6.02328682e-09]
 [  2.43579450e-31]
 [  9.99971605e-01]
 [  9.99999978e-01]
 [  9.99999883e-01]
 [  1.00000000e+00]
 [  9.99993280e-01]
 [  3.52435348e-25]
 [  1.00000000e+00]
 [  1.00000000e+00]
 [  1.00000000e+00]
 [  9.50741423e-27]]
--
524286
[[  1.00000000e+00]
 [  9.99999996e-01]
 [  1.00000000e+00]
 [  9.99999469e-01]
 [  1.00000000e+00]
 [  1.00000000e+00]
 [  6.01852781e-09]
 [  2.44451229e-31]
 [  9.99971582e-01]
 [  9.99999978e-01]
 [  9.99999883e-01]
 [  1.00000000e+00]
 [  9.99993292e-01]
 [  3.52911106e-25]
 [  1.00000000e+00]
 [  1.00000000e+00]
 [  1.00000000e+00]
 [  9.46775594e-27]]
--
524286
[[  1.00000000e+00]
 [  9.99999996e-01]
 [  1.00000000e+00]
 [  9.99999469e-01]
 [  1.00000000e+00]
 [  1.00000000e+00]
 [  6.03443897e-09]
 [  2.43855009e-31]
 [  9.99971564e-01]
 [  9.99999978e-01]
 [  9.99999883e-01]
 [  1.00000000e+00]
 [  9.99993268e-01]
 [  3.52724479e-25]
 [  1.00000000e+00]
 [  1.00000000e+00]
 [  1.00000000e+00]
 [  9.52840546e-27]]
--
524286
[[  1.00000000e+00]
 [  9.99999996e-01]
 [  1.00000000e+00]
 [  9.99999470e-01]
 [  1.00000000e+00]
 [  1.00000000e+00]
 [  6.03385055e-09]
 [  2.44825662e-31]
 [  9.99971548e-01]
 [  9.99999978e-01]
 [  9.99999883e-01]
 [  1.00000000e+00]
 [  9.99993282e-01]
 [  3.52501613e-25]
 [  1.00000000e+00]
 [  1.00000000e+00]
 [  1.00000000e+00]
 [  9.48130772e-27]]
--
524286
[[  1.00000000e+00]
 [  9.99999996e-01]
 [  1.00000000e+00]
 [  9.99999471e-01]
 [  1.00000000e+00]
 [  1.00000000e+00]
 [  6.04540687e-09]
 [  2.44748859e-31]
 [  9.99971514e-01]
 [  9.99999978e-01]
 [  9.99999883e-01]
 [  1.00000000e+00]
 [  9.99993273e-01]
 [  3.52366700e-25]
 [  1.00000000e+00]
 [  1.00000000e+00]
 [  1.00000000e+00]
 [  9.51275459e-27]]
--
524286
[[  1.00000000e+00]
 [  9.99999996e-01]
 [  1.00000000e+00]
 [  9.99999471e-01]
 [  1.00000000e+00]
 [  1.00000000e+00]
 [  6.05062620e-09]
 [  2.44898620e-31]
 [  9.99971490e-01]
 [  9.99999978e-01]
 [  9.99999883e-01]
 [  1.00000000e+00]
 [  9.99993259e-01]
 [  3.52992995e-25]
 [  1.00000000e+00]
 [  1.00000000e+00]
 [  1.00000000e+00]
 [  9.52266102e-27]]
--
524286
[[  1.00000000e+00]
 [  9.99999996e-01]
 [  1.00000000e+00]
 [  9.99999472e-01]
 [  1.00000000e+00]
 [  1.00000000e+00]
 [  6.05166917e-09]
 [  2.45321490e-31]
 [  9.99971471e-01]
 [  9.99999978e-01]
 [  9.99999883e-01]
 [  1.00000000e+00]
 [  9.99993268e-01]
 [  3.52925331e-25]
 [  1.00000000e+00]
 [  1.00000000e+00]
 [  1.00000000e+00]
 [  9.53402840e-27]]
--
524286
[[  1.00000000e+00]
 [  9.99999996e-01]
 [  1.00000000e+00]
 [  9.99999472e-01]
 [  1.00000000e+00]
 [  1.00000000e+00]
 [  6.05644586e-09]
 [  2.45820168e-31]
 [  9.99971492e-01]
 [  9.99999978e-01]
 [  9.99999883e-01]
 [  1.00000000e+00]
 [  9.99993265e-01]
 [  3.52639695e-25]
 [  1.00000000e+00]
 [  1.00000000e+00]
 [  1.00000000e+00]
 [  9.50138393e-27]]
--
524286
[[  1.00000000e+00]
 [  9.99999996e-01]
 [  1.00000000e+00]
 [  9.99999472e-01]
 [  1.00000000e+00]
 [  1.00000000e+00]
 [  6.05013857e-09]
 [  2.45775165e-31]
 [  9.99971474e-01]
 [  9.99999978e-01]
 [  9.99999882e-01]
 [  1.00000000e+00]
 [  9.99993268e-01]
 [  3.53314842e-25]
 [  1.00000000e+00]
 [  1.00000000e+00]
 [  1.00000000e+00]
 [  9.50814280e-27]]
--
524286
[[  1.00000000e+00]
 [  9.99999996e-01]
 [  1.00000000e+00]
 [  9.99999472e-01]
 [  1.00000000e+00]
 [  1.00000000e+00]
 [  6.05371808e-09]
 [  2.45344786e-31]
 [  9.99971495e-01]
 [  9.99999978e-01]
 [  9.99999883e-01]
 [  1.00000000e+00]
 [  9.99993265e-01]
 [  3.53757441e-25]
 [  1.00000000e+00]
 [  1.00000000e+00]
 [  1.00000000e+00]
 [  9.51730725e-27]]
--
524286
[[  1.00000000e+00]
 [  9.99999996e-01]
 [  1.00000000e+00]
 [  9.99999472e-01]
 [  1.00000000e+00]
 [  1.00000000e+00]
 [  6.05788863e-09]
 [  2.46570611e-31]
 [  9.99971456e-01]
 [  9.99999978e-01]
 [  9.99999882e-01]
 [  1.00000000e+00]
 [  9.99993262e-01]
 [  3.53711669e-25]
 [  1.00000000e+00]
 [  1.00000000e+00]
 [  1.00000000e+00]
 [  9.50669018e-27]]
--
524286
[[  1.00000000e+00]
 [  9.99999996e-01]
 [  1.00000000e+00]
 [  9.99999475e-01]
 [  1.00000000e+00]
 [  1.00000000e+00]
 [  6.06931782e-09]
 [  2.45974745e-31]
 [  9.99971372e-01]
 [  9.99999978e-01]
 [  9.99999882e-01]
 [  1.00000000e+00]
 [  9.99993275e-01]
 [  3.53240812e-25]
 [  1.00000000e+00]
 [  1.00000000e+00]
 [  1.00000000e+00]
 [  9.55754548e-27]]
--
524286
[[  1.00000000e+00]
 [  9.99999996e-01]
 [  1.00000000e+00]
 [  9.99999473e-01]
 [  1.00000000e+00]
 [  1.00000000e+00]
 [  6.03672128e-09]
 [  2.46164241e-31]
 [  9.99971473e-01]
 [  9.99999978e-01]
 [  9.99999882e-01]
 [  1.00000000e+00]
 [  9.99993281e-01]
 [  3.54671889e-25]
 [  1.00000000e+00]
 [  1.00000000e+00]
 [  1.00000000e+00]
 [  9.48260366e-27]]
--
524286
[[  1.00000000e+00]
 [  9.99999996e-01]
 [  1.00000000e+00]
 [  9.99999472e-01]
 [  1.00000000e+00]
 [  1.00000000e+00]
 [  6.04800407e-09]
 [  2.44637346e-31]
 [  9.99971510e-01]
 [  9.99999978e-01]
 [  9.99999883e-01]
 [  1.00000000e+00]
 [  9.99993262e-01]
 [  3.53628819e-25]
 [  1.00000000e+00]
 [  1.00000000e+00]
 [  1.00000000e+00]
 [  9.52673057e-27]]
--
524286
[[  1.00000000e+00]
 [  9.99999996e-01]
 [  1.00000000e+00]
 [  9.99999471e-01]
 [  1.00000000e+00]
 [  1.00000000e+00]
 [  6.04349860e-09]
 [  2.45069518e-31]
 [  9.99971530e-01]
 [  9.99999978e-01]
 [  9.99999883e-01]
 [  1.00000000e+00]
 [  9.99993271e-01]
 [  3.53229965e-25]
 [  1.00000000e+00]
 [  1.00000000e+00]
 [  1.00000000e+00]
 [  9.50614481e-27]]
--
524286
[[  1.00000000e+00]
 [  9.99999996e-01]
 [  1.00000000e+00]
 [  9.99999472e-01]
 [  1.00000000e+00]
 [  1.00000000e+00]
 [  6.04146144e-09]
 [  2.44929002e-31]
 [  9.99971519e-01]
 [  9.99999978e-01]
 [  9.99999883e-01]
 [  1.00000000e+00]
 [  9.99993279e-01]
 [  3.53721132e-25]
 [  1.00000000e+00]
 [  1.00000000e+00]
 [  1.00000000e+00]
 [  9.50077917e-27]]
--
524286
[[  1.00000000e+00]
 [  9.99999996e-01]
 [  1.00000000e+00]
 [  9.99999472e-01]
 [  1.00000000e+00]
 [  1.00000000e+00]
 [  6.04904673e-09]
 [  2.44727819e-31]
 [  9.99971512e-01]
 [  9.99999978e-01]
 [  9.99999883e-01]
 [  1.00000000e+00]
 [  9.99993265e-01]
 [  3.52446349e-25]
 [  1.00000000e+00]
 [  1.00000000e+00]
 [  1.00000000e+00]
 [  9.52392185e-27]]
--
524286
[[  1.00000000e+00]
 [  9.99999996e-01]
 [  1.00000000e+00]
 [  9.99999471e-01]
 [  1.00000000e+00]
 [  1.00000000e+00]
 [  6.03875839e-09]
 [  2.45466744e-31]
 [  9.99971481e-01]
 [  9.99999978e-01]
 [  9.99999883e-01]
 [  1.00000000e+00]
 [  9.99993280e-01]
 [  3.52846748e-25]
 [  1.00000000e+00]
 [  1.00000000e+00]
 [  1.00000000e+00]
 [  9.49103592e-27]]
--
524286
[[  1.00000000e+00]
 [  9.99999996e-01]
 [  1.00000000e+00]
 [  9.99999471e-01]
 [  1.00000000e+00]
 [  1.00000000e+00]
 [  6.02921002e-09]
 [  2.44712630e-31]
 [  9.99971514e-01]
 [  9.99999978e-01]
 [  9.99999883e-01]
 [  1.00000000e+00]
 [  9.99993287e-01]
 [  3.53169808e-25]
 [  1.00000000e+00]
 [  1.00000000e+00]
 [  1.00000000e+00]
 [  9.49175590e-27]]
--
524286
[[  1.00000000e+00]
 [  9.99999996e-01]
 [  1.00000000e+00]
 [  9.99999469e-01]
 [  1.00000000e+00]
 [  1.00000000e+00]
 [  6.03748289e-09]
 [  2.44687664e-31]
 [  9.99971506e-01]
 [  9.99999978e-01]
 [  9.99999883e-01]
 [  1.00000000e+00]
 [  9.99993271e-01]
 [  3.52286714e-25]
 [  1.00000000e+00]
 [  1.00000000e+00]
 [  1.00000000e+00]
 [  9.51782022e-27]]
--
524286
[[  1.00000000e+00]
 [  9.99999996e-01]
 [  1.00000000e+00]
 [  9.99999470e-01]
 [  1.00000000e+00]
 [  1.00000000e+00]
 [  6.04611794e-09]
 [  2.44695724e-31]
 [  9.99971466e-01]
 [  9.99999978e-01]
 [  9.99999883e-01]
 [  1.00000000e+00]
 [  9.99993257e-01]
 [  3.51984315e-25]
 [  1.00000000e+00]
 [  1.00000000e+00]
 [  1.00000000e+00]
 [  9.54647118e-27]]
--
524286
[[  1.00000000e+00]
 [  9.99999996e-01]
 [  1.00000000e+00]
 [  9.99999471e-01]
 [  1.00000000e+00]
 [  1.00000000e+00]
 [  6.05032909e-09]
 [  2.44956121e-31]
 [  9.99971502e-01]
 [  9.99999978e-01]
 [  9.99999883e-01]
 [  1.00000000e+00]
 [  9.99993260e-01]
 [  3.53190320e-25]
 [  1.00000000e+00]
 [  1.00000000e+00]
 [  1.00000000e+00]
 [  9.55171218e-27]]
--
524286
[[  1.00000000e+00]
 [  9.99999996e-01]
 [  1.00000000e+00]
 [  9.99999473e-01]
 [  1.00000000e+00]
 [  1.00000000e+00]
 [  6.06764498e-09]
 [  2.45177729e-31]
 [  9.99971486e-01]
 [  9.99999978e-01]
 [  9.99999883e-01]
 [  1.00000000e+00]
 [  9.99993259e-01]
 [  3.53713579e-25]
 [  1.00000000e+00]
 [  1.00000000e+00]
 [  1.00000000e+00]
 [  9.54626813e-27]]
--
524286
[[  1.00000000e+00]
 [  9.99999996e-01]
 [  1.00000000e+00]
 [  9.99999474e-01]
 [  1.00000000e+00]
 [  1.00000000e+00]
 [  6.05710982e-09]
 [  2.46381324e-31]
 [  9.99971397e-01]
 [  9.99999978e-01]
 [  9.99999882e-01]
 [  1.00000000e+00]
 [  9.99993276e-01]
 [  3.54077846e-25]
 [  1.00000000e+00]
 [  1.00000000e+00]
 [  1.00000000e+00]
 [  9.50305638e-27]]
--
524286
[[  1.00000000e+00]
 [  9.99999996e-01]
 [  1.00000000e+00]
 [  9.99999474e-01]
 [  1.00000000e+00]
 [  1.00000000e+00]
 [  6.04811911e-09]
 [  2.46435686e-31]
 [  9.99971426e-01]
 [  9.99999978e-01]
 [  9.99999882e-01]
 [  1.00000000e+00]
 [  9.99993280e-01]
 [  3.54210866e-25]
 [  1.00000000e+00]
 [  1.00000000e+00]
 [  1.00000000e+00]
 [  9.48860779e-27]]
--
524286
[[  1.00000000e+00]
 [  9.99999996e-01]
 [  1.00000000e+00]
 [  9.99999473e-01]
 [  1.00000000e+00]
 [  1.00000000e+00]
 [  6.06658227e-09]
 [  2.46047879e-31]
 [  9.99971413e-01]
 [  9.99999978e-01]
 [  9.99999882e-01]
 [  1.00000000e+00]
 [  9.99993259e-01]
 [  3.53534286e-25]
 [  1.00000000e+00]
 [  1.00000000e+00]
 [  1.00000000e+00]
 [  9.54714205e-27]]
--
524286
[[  1.00000000e+00]
 [  9.99999996e-01]
 [  1.00000000e+00]
 [  9.99999474e-01]
 [  1.00000000e+00]
 [  1.00000000e+00]
 [  6.05793169e-09]
 [  2.46958808e-31]
 [  9.99971380e-01]
 [  9.99999978e-01]
 [  9.99999882e-01]
 [  1.00000000e+00]
 [  9.99993265e-01]
 [  3.53613610e-25]
 [  1.00000000e+00]
 [  1.00000000e+00]
 [  1.00000000e+00]
 [  9.50345611e-27]]
--
524286
[[  1.00000000e+00]
 [  9.99999996e-01]
 [  1.00000000e+00]
 [  9.99999474e-01]
 [  1.00000000e+00]
 [  1.00000000e+00]
 [  6.06096006e-09]
 [  2.46795170e-31]
 [  9.99971434e-01]
 [  9.99999978e-01]
 [  9.99999882e-01]
 [  1.00000000e+00]
 [  9.99993269e-01]
 [  3.53863210e-25]
 [  1.00000000e+00]
 [  1.00000000e+00]
 [  1.00000000e+00]
 [  9.49651543e-27]]
--
524286
[[  1.00000000e+00]
 [  9.99999996e-01]
 [  1.00000000e+00]
 [  9.99999475e-01]
 [  1.00000000e+00]
 [  1.00000000e+00]
 [  6.05821506e-09]
 [  2.46994151e-31]
 [  9.99971370e-01]
 [  9.99999978e-01]
 [  9.99999882e-01]
 [  1.00000000e+00]
 [  9.99993272e-01]
 [  3.53997307e-25]
 [  1.00000000e+00]
 [  1.00000000e+00]
 [  1.00000000e+00]
 [  9.50081675e-27]]
--
524286
[[  1.00000000e+00]
 [  9.99999996e-01]
 [  1.00000000e+00]
 [  9.99999473e-01]
 [  1.00000000e+00]
 [  1.00000000e+00]
 [  6.09320210e-09]
 [  2.47149403e-31]
 [  9.99971385e-01]
 [  9.99999978e-01]
 [  9.99999882e-01]
 [  1.00000000e+00]
 [  9.99993240e-01]
 [  3.53364909e-25]
 [  1.00000000e+00]
 [  1.00000000e+00]
 [  1.00000000e+00]
 [  9.58010490e-27]]
--
524286
[[  1.00000000e+00]
 [  9.99999996e-01]
 [  1.00000000e+00]
 [  9.99999477e-01]
 [  1.00000000e+00]
 [  1.00000000e+00]
 [  6.09152849e-09]
 [  2.48382488e-31]
 [  9.99971322e-01]
 [  9.99999978e-01]
 [  9.99999882e-01]
 [  1.00000000e+00]
 [  9.99993251e-01]
 [  3.55192702e-25]
 [  1.00000000e+00]
 [  1.00000000e+00]
 [  1.00000000e+00]
 [  9.52181878e-27]]
--
524286
[[  1.00000000e+00]
 [  9.99999996e-01]
 [  1.00000000e+00]
 [  9.99999479e-01]
 [  1.00000000e+00]
 [  1.00000000e+00]
 [  6.07771687e-09]
 [  2.48852810e-31]
 [  9.99971276e-01]
 [  9.99999978e-01]
 [  9.99999881e-01]
 [  1.00000000e+00]
 [  9.99993277e-01]
 [  3.55200096e-25]
 [  1.00000000e+00]
 [  1.00000000e+00]
 [  1.00000000e+00]
 [  9.47761618e-27]]
--
524286
[[  1.00000000e+00]
 [  9.99999996e-01]
 [  1.00000000e+00]
 [  9.99999478e-01]
 [  1.00000000e+00]
 [  1.00000000e+00]
 [  6.10901369e-09]
 [  2.48564816e-31]
 [  9.99971307e-01]
 [  9.99999978e-01]
 [  9.99999882e-01]
 [  1.00000000e+00]
 [  9.99993235e-01]
 [  3.55035016e-25]
 [  1.00000000e+00]
 [  1.00000000e+00]
 [  1.00000000e+00]
 [  9.55774385e-27]]
--
524286
[[  1.00000000e+00]
 [  9.99999996e-01]
 [  1.00000000e+00]
 [  9.99999480e-01]
 [  1.00000000e+00]
 [  1.00000000e+00]
 [  6.08705912e-09]
 [  2.49307642e-31]
 [  9.99971306e-01]
 [  9.99999978e-01]
 [  9.99999881e-01]
 [  1.00000000e+00]
 [  9.99993255e-01]
 [  3.57092571e-25]
 [  1.00000000e+00]
 [  1.00000000e+00]
 [  1.00000000e+00]
 [  9.50668566e-27]]
--
524286
[[  1.00000000e+00]
 [  9.99999996e-01]
 [  1.00000000e+00]
 [  9.99999480e-01]
 [  1.00000000e+00]
 [  1.00000000e+00]
 [  6.07078165e-09]
 [  2.49311121e-31]
 [  9.99971191e-01]
 [  9.99999978e-01]
 [  9.99999881e-01]
 [  1.00000000e+00]
 [  9.99993289e-01]
 [  3.55349057e-25]
 [  1.00000000e+00]
 [  1.00000000e+00]
 [  1.00000000e+00]
 [  9.48202191e-27]]
--
524286
[[  1.00000000e+00]
 [  9.99999996e-01]
 [  1.00000000e+00]
 [  9.99999477e-01]
 [  1.00000000e+00]
 [  1.00000000e+00]
 [  6.07305221e-09]
 [  2.48195366e-31]
 [  9.99971313e-01]
 [  9.99999978e-01]
 [  9.99999882e-01]
 [  1.00000000e+00]
 [  9.99993267e-01]
 [  3.54469785e-25]
 [  1.00000000e+00]
 [  1.00000000e+00]
 [  1.00000000e+00]
 [  9.48736447e-27]]
--
524286
[[  1.00000000e+00]
 [  9.99999996e-01]
 [  1.00000000e+00]
 [  9.99999476e-01]
 [  1.00000000e+00]
 [  1.00000000e+00]
 [  6.09138596e-09]
 [  2.47944859e-31]
 [  9.99971312e-01]
 [  9.99999978e-01]
 [  9.99999882e-01]
 [  1.00000000e+00]
 [  9.99993248e-01]
 [  3.54625556e-25]
 [  1.00000000e+00]
 [  1.00000000e+00]
 [  1.00000000e+00]
 [  9.55019775e-27]]
--
524286
[[  1.00000000e+00]
 [  9.99999996e-01]
 [  1.00000000e+00]
 [  9.99999479e-01]
 [  1.00000000e+00]
 [  1.00000000e+00]
 [  6.10034799e-09]
 [  2.48673695e-31]
 [  9.99971264e-01]
 [  9.99999978e-01]
 [  9.99999881e-01]
 [  1.00000000e+00]
 [  9.99993253e-01]
 [  3.54704917e-25]
 [  1.00000000e+00]
 [  1.00000000e+00]
 [  1.00000000e+00]
 [  9.52724448e-27]]
--
524286
[[  1.00000000e+00]
 [  9.99999996e-01]
 [  1.00000000e+00]
 [  9.99999478e-01]
 [  1.00000000e+00]
 [  1.00000000e+00]
 [  6.09069256e-09]
 [  2.48615777e-31]
 [  9.99971319e-01]
 [  9.99999978e-01]
 [  9.99999881e-01]
 [  1.00000000e+00]
 [  9.99993254e-01]
 [  3.55304710e-25]
 [  1.00000000e+00]
 [  1.00000000e+00]
 [  1.00000000e+00]
 [  9.52953439e-27]]
--
524286
[[  1.00000000e+00]
 [  9.99999996e-01]
 [  1.00000000e+00]
 [  9.99999478e-01]
 [  1.00000000e+00]
 [  1.00000000e+00]
 [  6.08345415e-09]
 [  2.48166311e-31]
 [  9.99971268e-01]
 [  9.99999978e-01]
 [  9.99999882e-01]
 [  1.00000000e+00]
 [  9.99993261e-01]
 [  3.54204924e-25]
 [  1.00000000e+00]
 [  1.00000000e+00]
 [  1.00000000e+00]
 [  9.51143005e-27]]
--
524286
[[  1.00000000e+00]
 [  9.99999996e-01]
 [  1.00000000e+00]
 [  9.99999477e-01]
 [  1.00000000e+00]
 [  1.00000000e+00]
 [  6.08638615e-09]
 [  2.47158648e-31]
 [  9.99971348e-01]
 [  9.99999978e-01]
 [  9.99999882e-01]
 [  1.00000000e+00]
 [  9.99993248e-01]
 [  3.55070517e-25]
 [  1.00000000e+00]
 [  1.00000000e+00]
 [  1.00000000e+00]
 [  9.54494621e-27]]
--
524286
[[  1.00000000e+00]
 [  9.99999996e-01]
 [  1.00000000e+00]
 [  9.99999477e-01]
 [  1.00000000e+00]
 [  1.00000000e+00]
 [  6.08486181e-09]
 [  2.47745552e-31]
 [  9.99971324e-01]
 [  9.99999978e-01]
 [  9.99999882e-01]
 [  1.00000000e+00]
 [  9.99993253e-01]
 [  3.53829860e-25]
 [  1.00000000e+00]
 [  1.00000000e+00]
 [  1.00000000e+00]
 [  9.52540929e-27]]
--
524286
[[  1.00000000e+00]
 [  9.99999996e-01]
 [  1.00000000e+00]
 [  9.99999478e-01]
 [  1.00000000e+00]
 [  1.00000000e+00]
 [  6.09778933e-09]
 [  2.48375957e-31]
 [  9.99971260e-01]
 [  9.99999978e-01]
 [  9.99999881e-01]
 [  1.00000000e+00]
 [  9.99993256e-01]
 [  3.54529635e-25]
 [  1.00000000e+00]
 [  1.00000000e+00]
 [  1.00000000e+00]
 [  9.53917064e-27]]
--
524286
[[  1.00000000e+00]
 [  9.99999996e-01]
 [  1.00000000e+00]
 [  9.99999478e-01]
 [  1.00000000e+00]
 [  1.00000000e+00]
 [  6.09113496e-09]
 [  2.48788339e-31]
 [  9.99971250e-01]
 [  9.99999978e-01]
 [  9.99999881e-01]
 [  1.00000000e+00]
 [  9.99993258e-01]
 [  3.53603516e-25]
 [  1.00000000e+00]
 [  1.00000000e+00]
 [  1.00000000e+00]
 [  9.50380441e-27]]
--
524286
[[  1.00000000e+00]
 [  9.99999996e-01]
 [  1.00000000e+00]
 [  9.99999478e-01]
 [  1.00000000e+00]
 [  1.00000000e+00]
 [  6.09549336e-09]
 [  2.48773537e-31]
 [  9.99971253e-01]
 [  9.99999978e-01]
 [  9.99999881e-01]
 [  1.00000000e+00]
 [  9.99993261e-01]
 [  3.54897421e-25]
 [  1.00000000e+00]
 [  1.00000000e+00]
 [  1.00000000e+00]
 [  9.53987432e-27]]
--
524286
[[  1.00000000e+00]
 [  9.99999996e-01]
 [  1.00000000e+00]
 [  9.99999479e-01]
 [  1.00000000e+00]
 [  1.00000000e+00]
 [  6.09105044e-09]
 [  2.48827136e-31]
 [  9.99971283e-01]
 [  9.99999978e-01]
 [  9.99999881e-01]
 [  1.00000000e+00]
 [  9.99993250e-01]
 [  3.55375860e-25]
 [  1.00000000e+00]
 [  1.00000000e+00]
 [  1.00000000e+00]
 [  9.51693168e-27]]
--
524286
[[  1.00000000e+00]
 [  9.99999996e-01]
 [  1.00000000e+00]
 [  9.99999479e-01]
 [  1.00000000e+00]
 [  1.00000000e+00]
 [  6.09803018e-09]
 [  2.49283106e-31]
 [  9.99971263e-01]
 [  9.99999978e-01]
 [  9.99999881e-01]
 [  1.00000000e+00]
 [  9.99993251e-01]
 [  3.55215020e-25]
 [  1.00000000e+00]
 [  1.00000000e+00]
 [  1.00000000e+00]
 [  9.49953389e-27]]
--
524286
[[  1.00000000e+00]
 [  9.99999996e-01]
 [  1.00000000e+00]
 [  9.99999479e-01]
 [  1.00000000e+00]
 [  1.00000000e+00]
 [  6.07635846e-09]
 [  2.49921258e-31]
 [  9.99971269e-01]
 [  9.99999978e-01]
 [  9.99999881e-01]
 [  1.00000000e+00]
 [  9.99993261e-01]
 [  3.55929140e-25]
 [  1.00000000e+00]
 [  1.00000000e+00]
 [  1.00000000e+00]
 [  9.45563612e-27]]
--
524286
[[  1.00000000e+00]
 [  9.99999996e-01]
 [  1.00000000e+00]
 [  9.99999479e-01]
 [  1.00000000e+00]
 [  1.00000000e+00]
 [  6.09961865e-09]
 [  2.48554120e-31]
 [  9.99971296e-01]
 [  9.99999978e-01]
 [  9.99999881e-01]
 [  1.00000000e+00]
 [  9.99993257e-01]
 [  3.55007758e-25]
 [  1.00000000e+00]
 [  1.00000000e+00]
 [  1.00000000e+00]
 [  9.52978854e-27]]
--
524286
[[  1.00000000e+00]
 [  9.99999996e-01]
 [  1.00000000e+00]
 [  9.99999480e-01]
 [  1.00000000e+00]
 [  1.00000000e+00]
 [  6.09412069e-09]
 [  2.49511713e-31]
 [  9.99971226e-01]
 [  9.99999978e-01]
 [  9.99999881e-01]
 [  1.00000000e+00]
 [  9.99993270e-01]
 [  3.54289771e-25]
 [  1.00000000e+00]
 [  1.00000000e+00]
 [  1.00000000e+00]
 [  9.49992398e-27]]
--
524286
[[  1.00000000e+00]
 [  9.99999996e-01]
 [  1.00000000e+00]
 [  9.99999480e-01]
 [  1.00000000e+00]
 [  1.00000000e+00]
 [  6.10887022e-09]
 [  2.49799510e-31]
 [  9.99971231e-01]
 [  9.99999978e-01]
 [  9.99999881e-01]
 [  1.00000000e+00]
 [  9.99993256e-01]
 [  3.55175212e-25]
 [  1.00000000e+00]
 [  1.00000000e+00]
 [  1.00000000e+00]
 [  9.51412968e-27]]
--
524286
[[  1.00000000e+00]
 [  9.99999996e-01]
 [  1.00000000e+00]
 [  9.99999481e-01]
 [  1.00000000e+00]
 [  1.00000000e+00]
 [  6.11489963e-09]
 [  2.51048030e-31]
 [  9.99971137e-01]
 [  9.99999978e-01]
 [  9.99999881e-01]
 [  1.00000000e+00]
 [  9.99993262e-01]
 [  3.55900088e-25]
 [  1.00000000e+00]
 [  1.00000000e+00]
 [  1.00000000e+00]
 [  9.49035119e-27]]
--
524286
[[  1.00000000e+00]
 [  9.99999996e-01]
 [  1.00000000e+00]
 [  9.99999484e-01]
 [  1.00000000e+00]
 [  1.00000000e+00]
 [  6.09817549e-09]
 [  2.50178537e-31]
 [  9.99971218e-01]
 [  9.99999978e-01]
 [  9.99999881e-01]
 [  1.00000000e+00]
 [  9.99993268e-01]
 [  3.57918580e-25]
 [  1.00000000e+00]
 [  1.00000000e+00]
 [  1.00000000e+00]
 [  9.48102313e-27]]
--
524286
[[  1.00000000e+00]
 [  9.99999996e-01]
 [  1.00000000e+00]
 [  9.99999481e-01]
 [  1.00000000e+00]
 [  1.00000000e+00]
 [  6.10819292e-09]
 [  2.50117464e-31]
 [  9.99971195e-01]
 [  9.99999978e-01]
 [  9.99999881e-01]
 [  1.00000000e+00]
 [  9.99993259e-01]
 [  3.56368928e-25]
 [  1.00000000e+00]
 [  1.00000000e+00]
 [  1.00000000e+00]
 [  9.51123542e-27]]
--
524286
[[  1.00000000e+00]
 [  9.99999996e-01]
 [  1.00000000e+00]
 [  9.99999482e-01]
 [  1.00000000e+00]
 [  1.00000000e+00]
 [  6.11330635e-09]
 [  2.50886392e-31]
 [  9.99971146e-01]
 [  9.99999978e-01]
 [  9.99999881e-01]
 [  1.00000000e+00]
 [  9.99993263e-01]
 [  3.55999885e-25]
 [  1.00000000e+00]
 [  1.00000000e+00]
 [  1.00000000e+00]
 [  9.50786431e-27]]
--
524286
[[  1.00000000e+00]
 [  9.99999996e-01]
 [  1.00000000e+00]
 [  9.99999482e-01]
 [  1.00000000e+00]
 [  1.00000000e+00]
 [  6.09653530e-09]
 [  2.50975317e-31]
 [  9.99971195e-01]
 [  9.99999978e-01]
 [  9.99999881e-01]
 [  1.00000000e+00]
 [  9.99993264e-01]
 [  3.56179476e-25]
 [  1.00000000e+00]
 [  1.00000000e+00]
 [  1.00000000e+00]
 [  9.46720395e-27]]
--
524286
[[  1.00000000e+00]
 [  9.99999996e-01]
 [  1.00000000e+00]
 [  9.99999481e-01]
 [  1.00000000e+00]
 [  1.00000000e+00]
 [  6.11361877e-09]
 [  2.50090318e-31]
 [  9.99971184e-01]
 [  9.99999978e-01]
 [  9.99999881e-01]
 [  1.00000000e+00]
 [  9.99993251e-01]
 [  3.55551085e-25]
 [  1.00000000e+00]
 [  1.00000000e+00]
 [  1.00000000e+00]
 [  9.52809912e-27]]
--
524286
[[  1.00000000e+00]
 [  9.99999996e-01]
 [  1.00000000e+00]
 [  9.99999481e-01]
 [  1.00000000e+00]
 [  1.00000000e+00]
 [  6.11289888e-09]
 [  2.50154559e-31]
 [  9.99971197e-01]
 [  9.99999978e-01]
 [  9.99999881e-01]
 [  1.00000000e+00]
 [  9.99993243e-01]
 [  3.54553643e-25]
 [  1.00000000e+00]
 [  1.00000000e+00]
 [  1.00000000e+00]
 [  9.54032848e-27]]
--
524286
[[  1.00000000e+00]
 [  9.99999996e-01]
 [  1.00000000e+00]
 [  9.99999481e-01]
 [  1.00000000e+00]
 [  1.00000000e+00]
 [  6.10418750e-09]
 [  2.50566351e-31]
 [  9.99971206e-01]
 [  9.99999978e-01]
 [  9.99999881e-01]
 [  1.00000000e+00]
 [  9.99993246e-01]
 [  3.55818565e-25]
 [  1.00000000e+00]
 [  1.00000000e+00]
 [  1.00000000e+00]
 [  9.48886422e-27]]
--
524286
[[  1.00000000e+00]
 [  9.99999996e-01]
 [  1.00000000e+00]
 [  9.99999481e-01]
 [  1.00000000e+00]
 [  1.00000000e+00]
 [  6.10140886e-09]
 [  2.50272621e-31]
 [  9.99971187e-01]
 [  9.99999978e-01]
 [  9.99999881e-01]
 [  1.00000000e+00]
 [  9.99993265e-01]
 [  3.55964821e-25]
 [  1.00000000e+00]
 [  1.00000000e+00]
 [  1.00000000e+00]
 [  9.50331990e-27]]
--
524286
[[  1.00000000e+00]
 [  9.99999996e-01]
 [  1.00000000e+00]
 [  9.99999481e-01]
 [  1.00000000e+00]
 [  1.00000000e+00]
 [  6.11553011e-09]
 [  2.50290765e-31]
 [  9.99971157e-01]
 [  9.99999978e-01]
 [  9.99999881e-01]
 [  1.00000000e+00]
 [  9.99993239e-01]
 [  3.55682082e-25]
 [  1.00000000e+00]
 [  1.00000000e+00]
 [  1.00000000e+00]
 [  9.53661815e-27]]
--
524286
[[  1.00000000e+00]
 [  9.99999996e-01]
 [  1.00000000e+00]
 [  9.99999481e-01]
 [  1.00000000e+00]
 [  1.00000000e+00]
 [  6.10541962e-09]
 [  2.50698956e-31]
 [  9.99971155e-01]
 [  9.99999978e-01]
 [  9.99999881e-01]
 [  1.00000000e+00]
 [  9.99993259e-01]
 [  3.55525144e-25]
 [  1.00000000e+00]
 [  1.00000000e+00]
 [  1.00000000e+00]
 [  9.48760883e-27]]
--
524286
[[  1.00000000e+00]
 [  9.99999996e-01]
 [  1.00000000e+00]
 [  9.99999482e-01]
 [  1.00000000e+00]
 [  1.00000000e+00]
 [  6.13494894e-09]
 [  2.50964997e-31]
 [  9.99971190e-01]
 [  9.99999978e-01]
 [  9.99999881e-01]
 [  1.00000000e+00]
 [  9.99993251e-01]
 [  3.56475794e-25]
 [  1.00000000e+00]
 [  1.00000000e+00]
 [  1.00000000e+00]
 [  9.54288155e-27]]
--
524286
[[  1.00000000e+00]
 [  9.99999996e-01]
 [  1.00000000e+00]
 [  9.99999484e-01]
 [  1.00000000e+00]
 [  1.00000000e+00]
 [  6.14546423e-09]
 [  2.52119663e-31]
 [  9.99971031e-01]
 [  9.99999978e-01]
 [  9.99999880e-01]
 [  1.00000000e+00]
 [  9.99993226e-01]
 [  3.56354109e-25]
 [  1.00000000e+00]
 [  1.00000000e+00]
 [  1.00000000e+00]
 [  9.53243536e-27]]
--
524286
[[  1.00000000e+00]
 [  9.99999996e-01]
 [  1.00000000e+00]
 [  9.99999485e-01]
 [  1.00000000e+00]
 [  1.00000000e+00]
 [  6.13249677e-09]
 [  2.52714424e-31]
 [  9.99971010e-01]
 [  9.99999978e-01]
 [  9.99999880e-01]
 [  1.00000000e+00]
 [  9.99993244e-01]
 [  3.56594068e-25]
 [  1.00000000e+00]
 [  1.00000000e+00]
 [  1.00000000e+00]
 [  9.50077928e-27]]
--
524286
[[  1.00000000e+00]
 [  9.99999996e-01]
 [  1.00000000e+00]
 [  9.99999486e-01]
 [  1.00000000e+00]
 [  1.00000000e+00]
 [  6.15182290e-09]
 [  2.53126544e-31]
 [  9.99971049e-01]
 [  9.99999978e-01]
 [  9.99999880e-01]
 [  1.00000000e+00]
 [  9.99993241e-01]
 [  3.57280921e-25]
 [  1.00000000e+00]
 [  1.00000000e+00]
 [  1.00000000e+00]
 [  9.53270695e-27]]
--
524286
[[  1.00000000e+00]
 [  9.99999996e-01]
 [  1.00000000e+00]
 [  9.99999486e-01]
 [  1.00000000e+00]
 [  1.00000000e+00]
 [  6.17841464e-09]
 [  2.54388696e-31]
 [  9.99970981e-01]
 [  9.99999978e-01]
 [  9.99999880e-01]
 [  1.00000000e+00]
 [  9.99993195e-01]
 [  3.57500590e-25]
 [  1.00000000e+00]
 [  1.00000000e+00]
 [  1.00000000e+00]
 [  9.56997700e-27]]
--
524286
[[  1.00000000e+00]
 [  9.99999996e-01]
 [  1.00000000e+00]
 [  9.99999491e-01]
 [  1.00000000e+00]
 [  1.00000000e+00]
 [  6.19131755e-09]
 [  2.55384909e-31]
 [  9.99970853e-01]
 [  9.99999978e-01]
 [  9.99999879e-01]
 [  1.00000000e+00]
 [  9.99993213e-01]
 [  3.58282931e-25]
 [  1.00000000e+00]
 [  1.00000000e+00]
 [  1.00000000e+00]
 [  9.57315772e-27]]
--
524286
[[  1.00000000e+00]
 [  9.99999996e-01]
 [  1.00000000e+00]
 [  9.99999489e-01]
 [  1.00000000e+00]
 [  1.00000000e+00]
 [  6.18440619e-09]
 [  2.55547908e-31]
 [  9.99970893e-01]
 [  9.99999978e-01]
 [  9.99999879e-01]
 [  1.00000000e+00]
 [  9.99993216e-01]
 [  3.59536088e-25]
 [  1.00000000e+00]
 [  1.00000000e+00]
 [  1.00000000e+00]
 [  9.53777646e-27]]
--
524286
[[  1.00000000e+00]
 [  9.99999996e-01]
 [  1.00000000e+00]
 [  9.99999490e-01]
 [  1.00000000e+00]
 [  1.00000000e+00]
 [  6.16893703e-09]
 [  2.56536672e-31]
 [  9.99970887e-01]
 [  9.99999978e-01]
 [  9.99999879e-01]
 [  1.00000000e+00]
 [  9.99993235e-01]
 [  3.57580216e-25]
 [  1.00000000e+00]
 [  1.00000000e+00]
 [  1.00000000e+00]
 [  9.46501161e-27]]
--
524286
[[  1.00000000e+00]
 [  9.99999996e-01]
 [  1.00000000e+00]
 [  9.99999491e-01]
 [  1.00000000e+00]
 [  1.00000000e+00]
 [  6.16444594e-09]
 [  2.54059579e-31]
 [  9.99970922e-01]
 [  9.99999978e-01]
 [  9.99999880e-01]
 [  1.00000000e+00]
 [  9.99993225e-01]
 [  3.58920329e-25]
 [  1.00000000e+00]
 [  1.00000000e+00]
 [  1.00000000e+00]
 [  9.53164861e-27]]
--
524286
[[  1.00000000e+00]
 [  9.99999996e-01]
 [  1.00000000e+00]
 [  9.99999488e-01]
 [  1.00000000e+00]
 [  1.00000000e+00]
 [  6.15771110e-09]
 [  2.54043512e-31]
 [  9.99970989e-01]
 [  9.99999978e-01]
 [  9.99999880e-01]
 [  1.00000000e+00]
 [  9.99993232e-01]
 [  3.58451436e-25]
 [  1.00000000e+00]
 [  1.00000000e+00]
 [  1.00000000e+00]
 [  9.51044524e-27]]
--
524286
[[  1.00000000e+00]
 [  9.99999996e-01]
 [  1.00000000e+00]
 [  9.99999488e-01]
 [  1.00000000e+00]
 [  1.00000000e+00]
 [  6.14059834e-09]
 [  2.53247253e-31]
 [  9.99970997e-01]
 [  9.99999978e-01]
 [  9.99999880e-01]
 [  1.00000000e+00]
 [  9.99993239e-01]
 [  3.57473594e-25]
 [  1.00000000e+00]
 [  1.00000000e+00]
 [  1.00000000e+00]
 [  9.50047928e-27]]
--
524286
[[  1.00000000e+00]
 [  9.99999996e-01]
 [  1.00000000e+00]
 [  9.99999485e-01]
 [  1.00000000e+00]
 [  1.00000000e+00]
 [  6.14405564e-09]
 [  2.53000881e-31]
 [  9.99970953e-01]
 [  9.99999978e-01]
 [  9.99999880e-01]
 [  1.00000000e+00]
 [  9.99993235e-01]
 [  3.55981981e-25]
 [  1.00000000e+00]
 [  1.00000000e+00]
 [  1.00000000e+00]
 [  9.53029935e-27]]
--
524286
[[  1.00000000e+00]
 [  9.99999996e-01]
 [  1.00000000e+00]
 [  9.99999486e-01]
 [  1.00000000e+00]
 [  1.00000000e+00]
 [  6.14270456e-09]
 [  2.53125447e-31]
 [  9.99971067e-01]
 [  9.99999978e-01]
 [  9.99999880e-01]
 [  1.00000000e+00]
 [  9.99993248e-01]
 [  3.57413687e-25]
 [  1.00000000e+00]
 [  1.00000000e+00]
 [  1.00000000e+00]
 [  9.50666572e-27]]
--
524286
[[  1.00000000e+00]
 [  9.99999996e-01]
 [  1.00000000e+00]
 [  9.99999485e-01]
 [  1.00000000e+00]
 [  1.00000000e+00]
 [  6.14017049e-09]
 [  2.52423261e-31]
 [  9.99971039e-01]
 [  9.99999978e-01]
 [  9.99999880e-01]
 [  1.00000000e+00]
 [  9.99993235e-01]
 [  3.55835942e-25]
 [  1.00000000e+00]
 [  1.00000000e+00]
 [  1.00000000e+00]
 [  9.51293709e-27]]
--
524286
[[  1.00000000e+00]
 [  9.99999996e-01]
 [  1.00000000e+00]
 [  9.99999485e-01]
 [  1.00000000e+00]
 [  1.00000000e+00]
 [  6.15184005e-09]
 [  2.52805740e-31]
 [  9.99970994e-01]
 [  9.99999978e-01]
 [  9.99999880e-01]
 [  1.00000000e+00]
 [  9.99993224e-01]
 [  3.56812095e-25]
 [  1.00000000e+00]
 [  1.00000000e+00]
 [  1.00000000e+00]
 [  9.56225722e-27]]
--
524286
[[  1.00000000e+00]
 [  9.99999996e-01]
 [  1.00000000e+00]
 [  9.99999486e-01]
 [  1.00000000e+00]
 [  1.00000000e+00]
 [  6.15958461e-09]
 [  2.53854588e-31]
 [  9.99970968e-01]
 [  9.99999978e-01]
 [  9.99999880e-01]
 [  1.00000000e+00]
 [  9.99993218e-01]
 [  3.56532625e-25]
 [  1.00000000e+00]
 [  1.00000000e+00]
 [  1.00000000e+00]
 [  9.54147347e-27]]
--
524286
[[  1.00000000e+00]
 [  9.99999996e-01]
 [  1.00000000e+00]
 [  9.99999488e-01]
 [  1.00000000e+00]
 [  1.00000000e+00]
 [  6.13122117e-09]
 [  2.53622769e-31]
 [  9.99970949e-01]
 [  9.99999978e-01]
 [  9.99999880e-01]
 [  1.00000000e+00]
 [  9.99993257e-01]
 [  3.57467649e-25]
 [  1.00000000e+00]
 [  1.00000000e+00]
 [  1.00000000e+00]
 [  9.49597248e-27]]
--
524286
[[  1.00000000e+00]
 [  9.99999996e-01]
 [  1.00000000e+00]
 [  9.99999482e-01]
 [  1.00000000e+00]
 [  1.00000000e+00]
 [  6.12266364e-09]
 [  2.50769143e-31]
 [  9.99971134e-01]
 [  9.99999978e-01]
 [  9.99999881e-01]
 [  1.00000000e+00]
 [  9.99993220e-01]
 [  3.56179072e-25]
 [  1.00000000e+00]
 [  1.00000000e+00]
 [  1.00000000e+00]
 [  9.52576624e-27]]
--
524286
[[  1.00000000e+00]
 [  9.99999996e-01]
 [  1.00000000e+00]
 [  9.99999482e-01]
 [  1.00000000e+00]
 [  1.00000000e+00]
 [  6.10694153e-09]
 [  2.51544384e-31]
 [  9.99971147e-01]
 [  9.99999978e-01]
 [  9.99999881e-01]
 [  1.00000000e+00]
 [  9.99993261e-01]
 [  3.56392177e-25]
 [  1.00000000e+00]
 [  1.00000000e+00]
 [  1.00000000e+00]
 [  9.46031514e-27]]
--
524286
[[  1.00000000e+00]
 [  9.99999996e-01]
 [  1.00000000e+00]
 [  9.99999481e-01]
 [  1.00000000e+00]
 [  1.00000000e+00]
 [  6.10884414e-09]
 [  2.50909039e-31]
 [  9.99971143e-01]
 [  9.99999978e-01]
 [  9.99999881e-01]
 [  1.00000000e+00]
 [  9.99993253e-01]
 [  3.55538608e-25]
 [  1.00000000e+00]
 [  1.00000000e+00]
 [  1.00000000e+00]
 [  9.49744446e-27]]
--
524286
[[  1.00000000e+00]
 [  9.99999996e-01]
 [  1.00000000e+00]
 [  9.99999481e-01]
 [  1.00000000e+00]
 [  1.00000000e+00]
 [  6.13449520e-09]
 [  2.50611297e-31]
 [  9.99971190e-01]
 [  9.99999978e-01]
 [  9.99999881e-01]
 [  1.00000000e+00]
 [  9.99993226e-01]
 [  3.55670319e-25]
 [  1.00000000e+00]
 [  1.00000000e+00]
 [  1.00000000e+00]
 [  9.54150450e-27]]
--
524286
[[  1.00000000e+00]
 [  9.99999996e-01]
 [  1.00000000e+00]
 [  9.99999483e-01]
 [  1.00000000e+00]
 [  1.00000000e+00]
 [  6.12003593e-09]
 [  2.51706842e-31]
 [  9.99971095e-01]
 [  9.99999978e-01]
 [  9.99999881e-01]
 [  1.00000000e+00]
 [  9.99993251e-01]
 [  3.56454956e-25]
 [  1.00000000e+00]
 [  1.00000000e+00]
 [  1.00000000e+00]
 [  9.49569184e-27]]
--
524286
[[  1.00000000e+00]
 [  9.99999996e-01]
 [  1.00000000e+00]
 [  9.99999484e-01]
 [  1.00000000e+00]
 [  1.00000000e+00]
 [  6.12085667e-09]
 [  2.51186543e-31]
 [  9.99971141e-01]
 [  9.99999978e-01]
 [  9.99999881e-01]
 [  1.00000000e+00]
 [  9.99993248e-01]
 [  3.57025330e-25]
 [  1.00000000e+00]
 [  1.00000000e+00]
 [  1.00000000e+00]
 [  9.50282282e-27]]
--
524286
[[  1.00000000e+00]
 [  9.99999996e-01]
 [  1.00000000e+00]
 [  9.99999483e-01]
 [  1.00000000e+00]
 [  1.00000000e+00]
 [  6.12252087e-09]
 [  2.51339848e-31]
 [  9.99971117e-01]
 [  9.99999978e-01]
 [  9.99999881e-01]
 [  1.00000000e+00]
 [  9.99993243e-01]
 [  3.56053686e-25]
 [  1.00000000e+00]
 [  1.00000000e+00]
 [  1.00000000e+00]
 [  9.51222173e-27]]
--
524286
[[  1.00000000e+00]
 [  9.99999996e-01]
 [  1.00000000e+00]
 [  9.99999484e-01]
 [  1.00000000e+00]
 [  1.00000000e+00]
 [  6.12533087e-09]
 [  2.51451500e-31]
 [  9.99971083e-01]
 [  9.99999978e-01]
 [  9.99999880e-01]
 [  1.00000000e+00]
 [  9.99993243e-01]
 [  3.55979142e-25]
 [  1.00000000e+00]
 [  1.00000000e+00]
 [  1.00000000e+00]
 [  9.53333911e-27]]
--
524286
[[  1.00000000e+00]
 [  9.99999996e-01]
 [  1.00000000e+00]
 [  9.99999482e-01]
 [  1.00000000e+00]
 [  1.00000000e+00]
 [  6.12689202e-09]
 [  2.51846816e-31]
 [  9.99971112e-01]
 [  9.99999978e-01]
 [  9.99999881e-01]
 [  1.00000000e+00]
 [  9.99993240e-01]
 [  3.55780658e-25]
 [  1.00000000e+00]
 [  1.00000000e+00]
 [  1.00000000e+00]
 [  9.51838700e-27]]
--
524286
[[  1.00000000e+00]
 [  9.99999996e-01]
 [  1.00000000e+00]
 [  9.99999485e-01]
 [  1.00000000e+00]
 [  1.00000000e+00]
 [  6.13474163e-09]
 [  2.51467096e-31]
 [  9.99971060e-01]
 [  9.99999978e-01]
 [  9.99999880e-01]
 [  1.00000000e+00]
 [  9.99993243e-01]
 [  3.56021741e-25]
 [  1.00000000e+00]
 [  1.00000000e+00]
 [  1.00000000e+00]
 [  9.51963309e-27]]
--
524286
[[  1.00000000e+00]
 [  9.99999996e-01]
 [  1.00000000e+00]
 [  9.99999484e-01]
 [  1.00000000e+00]
 [  1.00000000e+00]
 [  6.13862478e-09]
 [  2.51065890e-31]
 [  9.99971100e-01]
 [  9.99999978e-01]
 [  9.99999881e-01]
 [  1.00000000e+00]
 [  9.99993236e-01]
 [  3.56796239e-25]
 [  1.00000000e+00]
 [  1.00000000e+00]
 [  1.00000000e+00]
 [  9.54229244e-27]]
--
524286
[[  1.00000000e+00]
 [  9.99999996e-01]
 [  1.00000000e+00]
 [  9.99999484e-01]
 [  1.00000000e+00]
 [  1.00000000e+00]
 [  6.14970547e-09]
 [  2.51897368e-31]
 [  9.99971057e-01]
 [  9.99999978e-01]
 [  9.99999880e-01]
 [  1.00000000e+00]
 [  9.99993221e-01]
 [  3.55215656e-25]
 [  1.00000000e+00]
 [  1.00000000e+00]
 [  1.00000000e+00]
 [  9.55281416e-27]]
--
524286
[[  1.00000000e+00]
 [  9.99999996e-01]
 [  1.00000000e+00]
 [  9.99999486e-01]
 [  1.00000000e+00]
 [  1.00000000e+00]
 [  6.14199973e-09]
 [  2.53090878e-31]
 [  9.99971035e-01]
 [  9.99999978e-01]
 [  9.99999880e-01]
 [  1.00000000e+00]
 [  9.99993233e-01]
 [  3.56998850e-25]
 [  1.00000000e+00]
 [  1.00000000e+00]
 [  1.00000000e+00]
 [  9.50397174e-27]]
--
524286
[[  1.00000000e+00]
 [  9.99999996e-01]
 [  1.00000000e+00]
 [  9.99999487e-01]
 [  1.00000000e+00]
 [  1.00000000e+00]
 [  6.13657230e-09]
 [  2.52599535e-31]
 [  9.99971063e-01]
 [  9.99999978e-01]
 [  9.99999880e-01]
 [  1.00000000e+00]
 [  9.99993249e-01]
 [  3.57072044e-25]
 [  1.00000000e+00]
 [  1.00000000e+00]
 [  1.00000000e+00]
 [  9.50877437e-27]]
--
524286
[[  1.00000000e+00]
 [  9.99999996e-01]
 [  1.00000000e+00]
 [  9.99999485e-01]
 [  1.00000000e+00]
 [  1.00000000e+00]
 [  6.12838470e-09]
 [  2.52661927e-31]
 [  9.99971053e-01]
 [  9.99999978e-01]
 [  9.99999880e-01]
 [  1.00000000e+00]
 [  9.99993242e-01]
 [  3.57219722e-25]
 [  1.00000000e+00]
 [  1.00000000e+00]
 [  1.00000000e+00]
 [  9.49593374e-27]]
--
524286
[[  1.00000000e+00]
 [  9.99999996e-01]
 [  1.00000000e+00]
 [  9.99999482e-01]
 [  1.00000000e+00]
 [  1.00000000e+00]
 [  6.13994944e-09]
 [  2.51660755e-31]
 [  9.99971128e-01]
 [  9.99999978e-01]
 [  9.99999881e-01]
 [  1.00000000e+00]
 [  9.99993217e-01]
 [  3.55705251e-25]
 [  1.00000000e+00]
 [  1.00000000e+00]
 [  1.00000000e+00]
 [  9.55755853e-27]]
--
524286
[[  1.00000000e+00]
 [  9.99999996e-01]
 [  1.00000000e+00]
 [  9.99999484e-01]
 [  1.00000000e+00]
 [  1.00000000e+00]
 [  6.13429546e-09]
 [  2.51629545e-31]
 [  9.99971102e-01]
 [  9.99999978e-01]
 [  9.99999880e-01]
 [  1.00000000e+00]
 [  9.99993239e-01]
 [  3.56183966e-25]
 [  1.00000000e+00]
 [  1.00000000e+00]
 [  1.00000000e+00]
 [  9.53353949e-27]]
--
524286
[[  1.00000000e+00]
 [  9.99999996e-01]
 [  1.00000000e+00]
 [  9.99999485e-01]
 [  1.00000000e+00]
 [  1.00000000e+00]
 [  6.13375175e-09]
 [  2.52187076e-31]
 [  9.99971022e-01]
 [  9.99999978e-01]
 [  9.99999880e-01]
 [  1.00000000e+00]
 [  9.99993249e-01]
 [  3.56113244e-25]
 [  1.00000000e+00]
 [  1.00000000e+00]
 [  1.00000000e+00]
 [  9.51470741e-27]]
--
524286
[[  1.00000000e+00]
 [  9.99999996e-01]
 [  1.00000000e+00]
 [  9.99999486e-01]
 [  1.00000000e+00]
 [  1.00000000e+00]
 [  6.14196145e-09]
 [  2.52205230e-31]
 [  9.99970999e-01]
 [  9.99999978e-01]
 [  9.99999880e-01]
 [  1.00000000e+00]
 [  9.99993239e-01]
 [  3.57474012e-25]
 [  1.00000000e+00]
 [  1.00000000e+00]
 [  1.00000000e+00]
 [  9.54893949e-27]]
--
524286
[[  1.00000000e+00]
 [  9.99999996e-01]
 [  1.00000000e+00]
 [  9.99999485e-01]
 [  1.00000000e+00]
 [  1.00000000e+00]
 [  6.14298477e-09]
 [  2.52403533e-31]
 [  9.99971054e-01]
 [  9.99999978e-01]
 [  9.99999880e-01]
 [  1.00000000e+00]
 [  9.99993240e-01]
 [  3.56778073e-25]
 [  1.00000000e+00]
 [  1.00000000e+00]
 [  1.00000000e+00]
 [  9.52853378e-27]]
--
524286
Epoch 0: 0 / 100
